euclidean
100
66.3142075127 -62.3938099187
-23.0009376251 -38.918067886
-38.1683319606 26.145113964
-71.2404330598 -77.1212985305
15.4024970751 -86.9999152152
-39.9104011364 -40.3750988251
86.2751526913 -84.1131136409
-18.3063804388 -85.0608570633
15.5256395883 -93.1853564434
-31.4900501104 -87.3527610373
11.1839376506 68.1685619227
-8.98004659521 -9.87093115739
-13.8251479399 2.52972242324
-72.4653346597 -17.5819642516
-45.1078101564 -41.6286263233
-2.35224779743 52.5058163115
30.3297670076 -0.166025749759
-57.5219916452 73.7985399814
-21.1211623892 70.2180938359
-66.6475166622 11.775036837
18.8534322224 -53.1666184457
9.24306433923 29.9451138847
69.29395349 -13.3374549309
31.7613570007 14.8441954098
-77.9474589186 -57.9889986712
-38.3046650692 74.7048413484
2.9845659407 -35.8548248469
81.3066280867 -95.4192719739
-95.9168002932 23.947828689
-3.04900546665 25.2997120014
-45.4159247227 71.4650539179
-55.0615877287 -3.09345137198
32.1595899773 67.8664826166
-30.5758728148 73.7733238061
-10.4707386424 -49.2704072465
14.5910802385 -12.410008749
47.8099296865 2.04354907336
-64.5109417387 30.9865643835
88.2637571136 -66.835733951
88.7616796934 33.3753651501
66.7375143696 -58.9957658463
-53.1257407742 -97.9977710222
16.1076003793 -21.7447962601
15.4168870655 -93.6364039144
89.5171048245 32.0924053273
-79.4244247865 48.1273580459
3.24332333771 84.0367816088
20.1347328868 70.5868870715
-29.5106571749 83.1551277166
21.4909279416 77.7503641538
-29.5619407201 -32.2636923782
23.1495065752 2.62614026863
-0.322953166277 -13.0668081141
-50.4438433948 -74.4537691102
96.2677727321 94.9725372069
38.3457906544 25.1808643039
-79.3417465322 23.0456525086
-47.8163364365 -30.541809618
10.5324827332 -18.1230519339
82.7455806185 -63.4430159758
-88.1049483973 -35.2723167793
-96.4198512963 -81.8736947552
9.54607600762 58.8381697486
49.6587433929 1.94157437006
-51.4370718842 -89.7753789356
11.2622786811 67.7993840453
-20.1326677595 -69.9143473393
-1.68371332359 85.4356366942
-56.3702339514 58.254105108
-67.9510163715 41.8426115998
48.5223139334 -69.8315847065
-98.6358115841 8.97755579878
2.75849549189 95.9333213237
72.813066726 -64.3730217558
79.215731966 -8.66654691931
-10.9138856649 -38.0842171334
56.1170776837 -72.5296480519
99.5956883303 62.9078266188
3.22910785909 -31.0381842606
60.9891103174 99.951371953
-60.9741601984 17.7902776856
-77.9837234258 -10.6910047171
-98.6954419296 87.1863905669
28.2844864773 -68.9415816327
-73.8875392959 -37.6038825099
-53.3687658987 -21.3019206095
78.0231947318 5.26463529193
34.6044880697 -76.3885696962
-18.9669754208 -73.5970051799
46.7803507906 -23.2752656478
-92.5220353284 -40.8780588754
-85.7596296276 -87.2427344664
-34.9976027592 -28.5002927612
78.1206083403 -43.0560193749
-40.3940873443 -49.5375964419
-42.1917301836 93.4132191563
-12.3806352189 -84.7308780369
98.8172254772 1.03864128111
-54.1513204119 96.7390127223
-8.5297336438 78.4658918726
0.0 92.3488257368 136.951604945 138.340804045 56.5461110735 108.482676593 29.4986014346 87.6038750941 59.3935852528 100.938704421 141.724661213 91.8034721295 103.137681495 145.835053528 113.34045558 133.85442164 71.8830792401 184.075420394 158.842251707 152.249262476 48.3494183381 108.552255768 49.1467684673 84.6144724361 144.328897881 172.456222502 68.6655752927 36.2691855247 183.776436061 111.809700391 174.361170783 135.087439069 134.663587173 167.120244054 77.8983417906 71.928174413 67.0416402823 160.733051926 22.3944952342 98.3647492788 3.42430901252 124.633636283 64.5991154062 59.7213270807 97.2934700542 182.906198672 159.43605165 140.770769866 174.261005217 147.137744709 100.499053642 78.0434835805 82.9075647356 117.3792361 160.191707891 91.9323441818 168.865504733 118.491902615 71.2144706638 16.464836941 156.782815073 163.895819988 133.864908205 66.4563477527 120.892986237 141.354103664 86.7733872072 162.718353371 172.067985336 169.977592393 19.2839822373 179.728630564 170.60717751 6.79355949197 55.2545755809 80.9637862086 14.3776448492 129.646276786 70.4478889585 162.432492861 150.438746537 153.281026024 222.716009273 38.5892860319 142.376508979 126.540734515 68.6641506903 34.6606348526 86.0139043794 43.7245018761 160.286866533 154.090625911 106.830957151 22.6570351904 107.479962859 189.866713314 81.8035627871 71.2749748651 199.587571406 159.50884338
92.3488257368 0.0 66.8076903011 61.534833643 61.5360694175 16.9721211225 118.253355452 46.3809859774 66.5525037782 49.1730061258 112.410639983 32.2540158337 42.4513184468 53.8698050144 22.2724255562 93.7267037368 65.9233253587 117.884421616 109.152349266 66.8940559997 44.2132273012 76.0382368698 95.7742903138 76.7417087858 58.1620202819 114.648896971 26.1654324154 118.627375964 96.2748356571 67.2458389086 112.635985483 48.0758612346 120.189949794 112.94569228 16.2535170588 45.9982282948 81.804847004 81.3002955361 114.713679977 133.106059554 91.9570754308 66.3167783252 42.7129840117 66.8582496905 133.051858997 103.732907407 125.724525244 117.694610033 122.246642217 124.864122694 9.3449170682 62.0949654246 34.3886407249 44.8987654461 179.309005358 88.7248227864 83.7483694973 26.1909473051 39.4578632135 108.55320907 65.2060098439 85.0618760925 103.031985776 83.360299969 58.2673134681 112.08292706 31.1287055941 126.167618249 102.742109876 92.4272520977 77.9180405022 89.5244375964 137.289641147 99.1376724878 106.599259205 12.1157802953 85.9616115929 159.368897491 27.3880969045 162.293097434 68.2480922083 61.805127858 147.07818473 59.4273178181 50.903568763 35.1074584515 110.26326033 68.7198921375 34.9127704845 71.5131140058 69.5487209843 79.2081234594 15.8886756179 101.206174224 20.3788136039 133.715578933 47.0276981907 128.203757625 139.187606729 118.272607789
136.951604945 66.8076903011 0.0 108.433001529 125.186386447 66.5430200285 166.262014985 112.96576964 130.854131568 113.694182253 64.8198788499 46.35851064 33.9157386163 55.5728509563 68.1280869403 44.4710975021 73.377555392 51.4335800269 47.2549843423 31.8992645354 97.682303865 47.5634365716 114.485877037 70.8369406341 93.0641061336 48.559918764 74.4147392539 170.446959512 57.7902557299 35.1295003931 45.8958010964 33.7679699323 81.7721786817 48.2295740044 80.3408832107 65.3456430301 89.2924795604 26.7838147411 156.941107511 127.135771483 135.108127102 125.040713254 72.3831495076 131.221140535 127.823867261 46.7470239708 71.1784403963 73.309744015 57.6636540706 78.881741482 59.0394667024 65.673582561 54.4963074817 101.345071201 151.030726792 76.5201982287 41.2899107385 57.502098184 65.8136753555 150.486568442 79.1565945468 122.72449854 57.8403027681 91.101078446 116.677419123 64.6410356076 97.7379419113 69.6167615069 36.909301651 33.6662995107 129.332110372 62.8573078119 80.9036407822 143.214537491 122.437209203 69.7725720903 136.478742413 142.584789962 70.5951671112 123.610525755 24.2880441956 54.241727821 85.9625993703 116.006278959 73.0739100096 49.8224274972 118.052807102 125.734003436 101.573532105 98.2784443413 86.2927040209 122.970467126 54.7373181644 135.321522648 75.7154319898 67.3883202745 113.835367551 139.267289473 72.3806221425 60.1324397572
138.340804045 61.534833643 108.433001529 0.0 87.2042683013 48.2892751355 157.67068603 53.5261666531 88.2406103753 41.0460201439 167.041672757 91.6458817108 98.1875761203 59.5519328847 44.0754326153 146.79499641 127.430842226 151.542051231 155.63045279 89.0149050598 93.2240916258 133.943308982 154.331761175 138.083383618 20.2738524652 155.357463817 84.9250983332 153.640560063 104.037933355 123.045252633 150.81382352 75.7751752963 178.081502257 156.277936735 66.8477965598 107.492323913 142.968744718 108.317108885 159.835476418 194.448421876 139.163389266 27.6399924077 103.422608502 88.2170042403 194.346646735 125.515750784 177.538043138 173.686870677 165.61976635 180.511321572 61.2315405116 123.568259271 95.5628939336 20.9669705705 240.156797336 149.916219765 100.494026491 52.1376743821 100.834532075 154.592327824 45.1192769356 25.6239804207 158.150046039 144.456044312 23.5010396525 166.759412576 51.6134073616 176.813162548 136.189657213 119.00937852 119.984396881 90.3521968815 188.211962637 144.616490627 165.297037519 71.8553132663 127.440255794 220.891684456 87.5749161889 220.996341087 95.4651960575 66.771669899 166.58569629 99.8604895712 39.6059760689 58.6105744607 170.490682072 105.847457317 52.392127435 129.723940265 42.0295017318 17.6988851168 60.6427650278 153.196487989 41.380643602 172.990892423 59.3496546084 187.159246147 174.698155686 167.749830518
56.5461110735 61.5360694175 125.186386447 87.2042683013 0.0 72.342174504 70.9314241885 33.7646023191 6.18666689468 46.8938746717 155.225811452 80.8912147123 94.1796753487 111.980390113 75.6310196743 140.631006874 88.1075918825 176.561955836 161.404708948 128.408317126 34.0088359648 117.107123792 91.2712831599 103.149576669 97.7540155838 170.390397502 52.631029654 66.4397475358 157.166751713 113.805378691 169.73516687 109.56953008 155.770348077 167.218554243 45.7486622543 74.5943197832 94.7574810818 142.502516017 75.5999829395 140.967293361 58.4766310802 69.4051310429 65.258928282 6.63650430021 140.271008744 165.080359488 171.468356167 157.657839357 175.982755007 164.862741523 70.8368178047 89.9602466525 75.5869969698 67.0309356594 199.131027837 114.50293452 145.21190954 84.7592980043 69.0488184922 71.3443648994 115.713161344 111.939786187 145.955625769 95.3104347982 66.8971686809 154.854655919 39.4292349592 173.279999273 162.01868824 153.454243734 37.3051449693 149.051705069 183.369680718 61.7085878567 101.035862622 55.5454545337 43.2095557245 171.932616206 57.2704700212 192.429007898 129.670267619 120.598656712 208.228741549 22.1821789447 102.042533495 95.1089538699 111.508291419 21.9389405368 36.8903596765 71.030983847 117.366649125 101.162418122 77.216422415 76.5808557167 67.2062806644 189.38319373 27.8756339799 121.279859599 196.46304275 167.187574246
108.482676593 16.9721211225 66.5430200285 48.2892751355 72.342174504 0.0 133.550769129 49.6341686706 76.564207832 47.7263350606 119.968153043 43.4418125444 50.2121909568 39.7410452855 5.34643729129 100.187221135 80.934855152 115.523971186 112.177937919 58.6046926125 60.1399292087 85.796243996 112.501667795 90.4765791256 41.9173858025 115.091142225 43.1324828567 133.129370055 85.2886613243 75.3123048898 111.975580175 40.2427594975 130.039699985 114.529453889 30.7541906035 61.257307605 97.4381759333 75.4829356466 130.876965331 148.309255684 108.261290968 59.1186734702 59.0347750693 76.7976265232 148.334144611 96.922871074 131.683559828 126.166479042 123.967219635 133.130568302 13.1485948882 76.3260016259 48.0927102412 35.6694431441 191.998639624 102.086315711 74.6794663844 12.6173447919 55.1329132545 124.806324607 48.4639326747 70.1102804269 110.856735441 99.0622656818 50.7272295076 119.667714543 35.5489231948 131.490002787 99.9932295947 86.8678767456 93.2096006594 76.7095714411 142.830739489 115.249644303 123.273954475 29.0868707222 101.26792051 173.57797005 44.1383643779 172.835846434 61.8618862504 48.2775653193 140.455026955 73.9363688359 34.0899627072 23.3433868434 126.456784574 82.761336369 39.2724094315 88.3611383152 52.6140382518 65.5646781723 12.8509379794 118.061452359 9.17525557819 133.807766929 52.2046277734 144.777250476 137.851671616 122.914309022
29.4986014346 118.253355452 166.262014985 157.67068603 70.9314241885 133.550769129 0.0 104.585827383 71.3288104048 117.809754716 169.789279075 120.770255655 132.389770102 172.118959338 138.081188397 162.848236523 100.881116889 213.573661927 188.021514977 180.498975632 74.1847285891 137.634377617 72.7843045727 112.979214616 166.287508692 201.849631707 96.2610215953 12.3497146929 211.827937226 141.244368545 203.831072438 162.911816228 161.326661797 196.423749306 102.828895155 101.390046329 94.3532930578 189.695498509 17.3914460726 117.514788283 31.8213838703 140.090659252 93.8791372476 71.4953625428 116.250732868 211.999746057 187.533122297 168.245788513 203.433080725 174.346727013 126.911759484 107.277888525 112.012541562 137.059792892 179.364218268 119.341515661 197.261142831 144.396717661 100.457156522 20.9692826892 181.090704051 182.708728524 162.241858444 93.5209642731 137.828582108 169.42354683 107.350962816 191.006651326 201.534441981 199.124473495 40.3638316192 207.021586908 198.473551823 23.8934925485 75.7761166269 107.53775379 32.3061319754 147.623147049 98.5575653666 185.79321515 179.071665292 179.921606435 252.106408122 59.9424119586 166.778885009 153.119789607 89.7578788434 52.2448673229 105.766223657 72.533324242 183.950276989 172.063246668 133.416142429 41.8590681112 131.303323495 219.133153201 98.6577220547 86.0704650624 228.969617981 188.201752135
87.6038750941 46.3809859774 112.96576964 53.5261666531 33.7646023191 49.6341686706 104.585827383 0.0 34.7938653974 13.3814038813 156.041448672 75.7661234372 87.7051370189 86.5251021229 51.0360196524 138.48871424 97.8397016665 163.628152198 155.304460946 108.231491715 48.9703393292 118.259651874 113.216893253 111.748815841 65.497662241 161.012452242 53.6147181678 100.150128442 133.814314778 111.41024502 158.856187162 89.8309571289 161.039080324 159.307367864 36.638143791 79.7520449882 109.35512806 124.907427759 108.117294317 159.658097924 88.9485976524 37.1450076988 72.0641771714 34.7965339504 159.219316865 146.541857463 170.465249061 160.324481749 168.588710632 167.604652407 53.9835922853 96.9927835935 74.2061098601 33.8426777914 213.39929622 123.946382035 124.146418901 61.9932579989 72.8858682091 103.338424058 85.7364498488 78.1784646368 146.569741923 110.402360178 33.4644502739 155.693798572 15.2562145435 171.304896152 148.28363135 136.268412465 68.5419953606 123.677162814 182.215865412 93.4384298955 123.881608927 47.5547440124 75.471069412 189.197328656 58.1569121685 201.289094935 111.350327116 95.353343958 190.082917495 49.3005062895 73.0850850287 72.7638155394 132.053328704 53.6168683765 11.4828692292 89.7426425323 86.3717725093 67.4885280261 58.9719792504 105.178755242 41.8302383632 180.065282092 5.93492565829 145.365273287 185.299898477 163.81874264
59.3935852528 66.5525037782 130.854131568 88.2406103753 6.18666689468 76.564207832 71.3288104048 34.7938653974 0.0 47.3760936235 161.412320929 86.843664801 100.114160092 116.009846392 79.5896453606 146.78397963 94.1900104647 182.26238804 167.462460445 133.300831827 40.1568623618 123.29064634 96.2637987812 109.242769067 99.8799466606 176.308877298 58.6861856093 65.8189093378 161.677458126 119.932184518 175.566602441 114.451334722 161.908564227 173.206669492 51.0326801577 80.7807538732 100.552572484 147.731243386 77.3636629602 146.222890891 61.5758412351 68.8198471355 71.4429304947 0.463972986672 145.496579073 170.249223203 177.647238955 163.837088252 182.0006439 171.039776781 75.7914180533 96.114339461 81.6710455345 68.5772925179 204.750299163 120.545931116 150.031557985 89.0865864515 75.2281940077 73.5059677073 118.714863978 112.515539458 152.141078268 101.065334024 67.0494792996 161.041183914 42.5799805969 179.44810118 167.639276863 158.74792674 40.4249820306 153.199535155 189.549134128 64.1248776857 105.829376973 61.1161521112 45.54473774 177.293132676 63.3519984127 198.415531213 134.788021492 124.696908695 213.495720291 27.3961455502 105.280657306 99.5674015664 116.611943092 25.419175919 39.6666610063 76.5785725081 120.043131556 101.459452571 82.0777404713 80.1940181559 70.9375980236 195.321077176 29.1588473493 125.760287957 202.302112589 173.328624381
100.938704421 49.1730061258 113.694182253 41.0460201439 46.8938746717 47.7263350606 117.809754716 13.3814038813 47.3760936235 0.0 161.269808478 80.6854027677 91.6019082865 80.9131511437 47.7089078057 142.861587495 106.879448907 163.240325288 157.911646619 105.177791219 60.8535829569 124.169151056 125.04271638 120.187180717 54.9592701322 162.200818333 61.9720629295 113.084743493 128.60259489 116.187231235 159.42718818 87.4942778184 167.762600969 161.128678196 43.4980128838 87.9766258433 119.499736641 122.859982195 121.498653265 170.398823275 102.238806722 24.1126387622 81.0551748771 47.3259434458 170.029054321 143.710009889 174.873618821 166.16272345 170.519377561 173.395576596 55.1228001062 105.269576968 80.5592374196 22.9266280251 222.631030356 132.441917412 120.322876312 59.1103360366 80.9854671477 116.710990215 76.9260643875 65.1605651399 151.841206169 120.659044513 20.0935998548 160.934613247 20.8107762029 175.340377846 147.717240079 134.241746009 81.9083025089 117.42266913 186.458442724 106.804534544 135.820802815 53.392583396 88.8523129632 199.403397728 66.1570214539 208.890481709 109.198769863 89.6587226122 187.030693022 62.5457172901 65.3643481109 69.5801101304 143.426402377 66.9977721197 18.6023713244 101.154243967 76.7124576629 54.2696910514 58.9568990684 118.22308475 38.849305688 181.08248273 19.2884423416 157.458013689 185.48130455 167.400722176
141.724661213 112.410639983 64.8198788499 167.041672757 155.225811452 119.968153043 169.789279075 156.041448672 161.412320929 161.269808478 0.0 80.6024115077 70.2418081551 119.792960967 123.38631779 20.7014472094 70.9660387378 68.9362123513 32.3700489595 96.1143327087 121.577329885 38.2726922116 100.099973647 57.1569615279 154.467264977 49.9183808621 104.346033425 177.983625969 115.870795785 45.1698457309 56.6957783274 97.2971950859 20.9778274003 42.1342512201 119.418744278 80.6505714308 75.5908765456 84.3339534634 155.458864246 85.0227769607 138.769471222 178.176836158 90.048067355 161.860325065 86.2413714768 92.7983038442 17.7441187912 9.27173294947 43.3664294393 14.0728455849 108.38295211 66.625699816 82.0462910879 155.367669436 89.2060092327 50.8498614075 101.148289411 114.998999092 86.2940728873 149.808798744 143.38165252 184.638170985 9.47305699779 76.5919353274 169.904912492 0.37739849261 141.589616867 21.5343519233 68.2778335535 83.3990204288 142.962214634 124.75557113 29.0149950916 146.169151857 102.625333074 108.526341744 147.698928105 88.5681262881 99.5251616692 59.0821651414 88.0043328926 119.036561747 111.513030016 138.172429363 135.738595068 110.326872429 91.7844772973 146.442092596 144.93637768 98.127866731 150.486193184 183.168573401 107.133571492 129.813040053 128.510825923 59.0445140177 154.7046471 110.39030474 71.3089517872 22.2410395441
91.8034721295 32.2540158337 46.35851064 91.6458817108 80.8912147123 43.4418125444 120.770255655 75.7661234372 86.843664801 80.6854027677 80.6024115077 0.0 13.3135726335 63.9518712158 48.1016268143 62.7278753164 40.4900806922 96.7310747892 81.0040654356 61.5961446386 51.4705651889 43.7881172799 78.350723522 47.651856713 84.0943064889 89.5153313327 28.6062001042 124.379267732 93.282944106 35.6672313065 89.1241588072 46.577276278 87.9521187782 86.3871581805 39.4276664143 23.7074869024 58.0263409603 68.9421152658 112.700248966 106.881650447 90.2574009246 98.5656239218 27.7556967701 87.2460016176 107.063581328 91.2480792634 94.699890652 85.5636073248 95.2646503191 92.768376515 30.4146366222 34.4744105266 9.22815778797 76.7475693627 148.557249341 58.8928114156 77.6805657695 43.9948022495 21.1857569632 106.224097829 83.1022290718 113.270108201 71.1628959923 59.8167449641 90.4838094419 80.2647469084 61.070392054 95.5854505396 82.9870497356 78.433830589 83.0770813184 91.6156190629 106.453432135 98.2883068649 88.2040015952 28.2794844208 90.3534747104 130.711276476 24.4359582669 130.217591667 58.8942299724 69.0085497368 132.170253311 69.8425885308 70.5839868484 45.8369493014 88.3099619134 79.524888549 64.5038856015 57.3489154191 89.1106382584 109.002295012 31.9994740975 93.2082301634 50.5992716447 108.49254183 74.93714466 108.347914779 115.784818142 88.3379707984
103.137681495 42.4513184468 33.9157386163 98.1875761203 94.1796753487 50.2121909568 132.389770102 87.7051370189 100.114160092 91.6019082865 70.2418081551 13.3135726335 0.0 61.993156392 54.1162149394 51.2760899251 44.2371288877 83.5981967864 68.0804483779 53.6253529223 64.5753202672 35.8294028242 84.6200469139 47.2205006076 88.1713466392 76.2134801118 41.9039371645 136.543254368 84.8396997997 25.1912221218 75.8291309856 41.6180735978 79.8967355645 73.1863205923 51.9086264077 32.1041678195 61.6369950479 58.1278035657 123.424920794 107.123810981 101.369266867 107.93661814 38.538573913 100.513782468 107.487550102 79.8899837099 83.2750467357 76.0595238331 82.1370268435 83.0985568949 38.1867563503 36.974780228 20.6291305805 85.2489696448 143.757174385 56.8760148244 68.653682191 47.4249631204 31.9347970191 116.954298023 83.3455633124 118.092429283 60.9660179854 63.4866157302 99.6739111285 69.9250148567 72.7181411343 83.7902443942 70.1091375594 66.8962845671 95.5163063124 85.0554126614 94.86437433 109.463041339 93.7121218459 40.7181474817 102.595438599 128.490472668 37.6517197481 122.833835061 49.5571781266 65.506567873 119.873759694 82.9540150577 72.2370895063 46.169740425 91.8890515782 92.5933392587 76.3001772305 65.8705084671 89.8745545853 115.037661971 37.5650726796 102.625932167 58.45437738 95.2075257877 87.2725558791 112.652241931 102.477268528 76.1205835711
145.835053528 53.8698050144 55.5728509563 59.5519328847 111.980390113 39.7410452855 172.118959338 86.5251021229 116.009846392 80.9131511437 119.792960967 63.9518712158 61.993156392 0.0 36.4235652255 99.1369856997 104.260001154 92.5942765744 101.710738009 29.9279220656 98.0070650462 94.525581845 141.822817755 109.154290272 40.7772254693 98.4063302574 77.6310822734 172.349827387 47.6937620874 81.5932896561 93.0647195388 22.6452514382 135.084462199 100.501321731 69.6238993075 87.2099105529 121.865909863 49.2155904214 168.106438817 169.088141444 145.232696527 82.7086565615 88.6707053753 116.222040456 169.428019213 66.0768035864 126.720836511 127.861326652 109.512857766 133.850783043 45.3459408582 97.7269939816 72.2835378387 60.986459689 202.828443096 118.776112916 41.2054399789 27.848351932 82.9995811306 161.844568295 23.6124139049 68.6093687366 112.097762512 123.674811504 75.1935965298 119.583811081 74.0093665999 124.990655745 77.5252325551 59.5957992205 131.787836881 37.2867532478 136.17762181 152.62770709 151.942853201 64.8762147985 139.830914747 189.956842643 76.8811972146 177.831870045 37.1919694311 8.82824659148 108.001975439 113.085528502 20.0723659983 19.4555137107 152.212892322 122.156308815 77.4581128834 119.381519421 30.7405150646 70.9179891537 39.0261557319 152.725419343 45.2739144877 115.049649577 90.1063134826 172.291736184 115.778620194 115.381765211
113.34045558 22.2724255562 68.1280869403 44.0754326153 75.6310196743 5.34643729129 138.081188397 51.0360196524 79.5896453606 47.7089078057 123.38631779 48.1016268143 54.1162149394 36.4235652255 0.0 103.389222856 86.0812133667 116.092818999 114.389895015 57.5839404286 64.9935826744 89.8711179734 117.84801188 95.3836907124 36.6892942722 116.532220796 48.4377272604 137.382836467 82.9567654305 79.0464769792 113.094099957 39.7999672925 134.012797916 116.313315216 35.4700371968 66.4656687872 102.669203179 75.1628062048 135.732727192 153.449141573 113.185662314 56.9365232999 64.363756766 79.8000495224 153.488300014 96.0924907042 134.646302812 129.803354615 125.75474724 136.699434101 18.1487201842 81.3482984057 53.1174253427 33.2560257653 196.5882329 106.901878029 73.1759847368 11.4128707723 60.4016077618 129.70102979 43.4644287657 65.2118938463 114.370557338 104.302742342 48.5609857924 123.093770633 37.7338011754 134.279481388 100.515681502 86.5405086107 97.7855152803 73.6629663115 145.651888614 120.094299316 128.618979177 34.3771335139 105.836435419 178.513227712 49.4834831668 176.922164937 61.5007903792 45.143793637 139.516819257 78.3098124943 29.0597896088 21.9412477984 131.758196518 86.9615095992 41.2955262395 93.7031481344 47.4201655433 61.10005964 16.5701368652 123.236685188 9.20711632849 135.073326578 54.1190547051 150.116326917 138.662859529 125.541423371
133.85442164 93.7267037368 44.4710975021 146.79499641 140.631006874 100.187221135 162.848236523 138.48871424 146.78397963 142.861587495 20.7014472094 62.7278753164 51.2760899251 99.1369856997 103.389222856 0.0 61.987394185 59.136120244 25.806916322 76.1109584422 107.779146093 25.36605128 97.3062923291 50.8147195334 133.879573059 42.2536746363 88.5216611164 169.943047102 97.8257846418 27.2150249492 47.0524490429 76.6130085751 37.7758787578 35.3394946788 102.099508203 67.0905411234 71.1525436281 65.7782748028 149.845473622 93.1006012034 131.171635882 158.837267004 76.510910738 147.218513395 94.1099638677 77.1964465673 32.023619235 28.8546256278 40.9506958369 34.7244038838 89.0294164445 56.0207243636 65.6040174895 135.762800124 107.374721573 49.0202339452 82.4335136139 94.6778301838 71.7945214517 143.825491864 122.713187185 164.032213368 13.4784572345 72.5388569507 150.509994607 20.4755597057 123.704647456 32.9366059086 54.3229753624 66.4597801167 132.494002578 105.66567143 43.7271984988 138.96217937 101.95780179 90.9937129835 138.030900058 102.477234053 83.730230876 79.1404346586 68.1300024632 98.5594150442 102.395084288 125.252065669 115.052404371 89.7232809731 93.230579457 134.087893079 127.192652155 90.3149191825 129.811936001 162.746578423 87.3367557658 124.931761433 108.903809127 57.101663411 137.602612003 113.508292333 68.1154871408 26.684955584
71.8830792401 65.9233253587 73.377555392 127.430842226 88.1075918825 80.934855152 100.881116889 97.8397016665 94.1900104647 106.879448907 70.9660387378 40.4900806922 44.2371288877 104.260001154 86.0812133667 61.987394185 0.0 114.842015318 87.1844161857 97.7096849021 54.2288584263 36.7604374227 41.1302124346 15.0783350927 122.74955744 101.569345801 44.9605427279 108.036203569 128.528882867 41.9838808485 104.251721281 85.4415196756 68.0571116542 95.7941771452 63.8429443515 19.9404458552 17.6192595809 99.8260682764 88.3243862206 67.3744263324 69.1842640186 128.591882178 25.8440198177 94.6525519065 67.4073240339 119.909272097 88.4521802883 71.4836582263 102.583093058 78.4161264768 67.9505471467 7.70404640116 33.2568705634 109.740808048 115.754769925 26.5842334946 112.100949549 83.8421238346 26.7280237582 82.1668729389 123.528269975 150.803212547 62.5576286155 19.4435415078 121.308087615 70.5894187516 86.0888244035 91.3920540095 104.545692669 106.882355857 72.0017976748 129.289309477 99.976294795 76.989408954 49.6195166247 56.0252454129 76.8210858071 93.6807275233 41.0796287398 104.706679133 93.0528664594 108.823652724 155.813828583 68.8059609296 110.737708356 86.3259547424 48.0016158836 76.3423175299 88.4436405522 28.3665062259 129.421926189 145.117542744 71.2074148367 64.2146094628 86.2520467409 118.391058075 94.7385491798 68.4980524561 128.559871705 87.7099724082
184.075420394 117.884421616 51.4335800269 151.542051231 176.561955836 115.523971186 213.573661927 163.628152198 182.26238804 163.240325288 68.9362123513 96.7310747892 83.5981967864 92.5942765744 116.092818999 59.136120244 114.842015318 0.0 36.576494708 62.691228646 148.166652204 79.8792568883 153.866713586 106.991266416 133.360995263 19.2386855813 125.239386493 218.87908429 62.9226091916 72.9345085583 12.3289096655 76.9313455083 89.8775577488 26.946130629 131.756541321 112.39310037 127.450352576 43.3786892149 202.562295469 151.766088319 181.864654332 171.852551614 120.622742142 182.632254722 152.839450269 33.7450168095 61.621790761 77.7231084006 29.532703785 79.1116829294 109.685740098 107.57974301 104.006339723 148.421182227 155.240554578 107.490976697 55.2445227164 104.790783457 114.372158077 196.240252013 113.27739862 160.45836891 68.7163617793 129.039271039 163.687058738 69.0453888125 148.496988261 57.0380166715 15.5870459459 33.6146681595 178.535731616 76.7600558909 64.2159300684 189.943696693 159.679978757 121.202586122 185.27216923 157.494676095 121.166970915 121.36248147 56.1145517056 86.9319597779 43.2953525407 166.545771505 112.598094508 95.1911071934 151.886120636 176.191532651 152.35463895 142.486148018 119.898813102 163.498184316 104.749220881 179.036038197 124.519748047 24.8948298973 164.831181629 172.441160021 23.1867788651 49.2140784507
158.842251707 109.152349266 47.2549843423 155.63045279 161.404708948 112.177937919 188.021514977 155.304460946 167.462460445 157.911646619 32.3700489595 81.0040654356 68.0804483779 101.710738009 114.389895015 25.806916322 87.1844161857 36.576494708 0.0 74.0826554922 129.698710245 50.4370813882 123.111424771 76.5691157316 140.236537844 17.7596077546 108.777526246 194.749041626 87.9506957689 48.417598892 24.3267422046 80.7869737829 53.3326227375 10.1010499144 119.962216622 90.0153742995 96.9498014868 58.4960328157 175.353392684 115.894890488 156.254179515 171.23337942 99.2126702195 167.878901268 117.023050278 62.3479832385 28.0104319228 41.2575435948 15.4191591338 43.2726858249 102.828805519 80.7995316669 85.8425325797 147.613575086 119.970598713 74.5967194198 74.9324738597 104.236224325 93.8408828041 169.273720876 124.960210946 169.710944573 32.7105821275 98.3436737817 162.84030735 32.4736418131 140.135927554 24.6857861293 37.2241060642 54.7558509763 156.410121968 98.7872681011 35.092890808 164.129241135 127.633376967 108.78225526 162.304231441 120.937992601 104.143024323 87.3279148471 65.8554275719 98.8920273647 79.4083870896 147.669676699 120.041114269 97.0351533012 118.526601764 156.840243277 143.831231749 115.549226564 132.062257302 170.211761922 99.6888933116 150.598651326 121.296623985 31.3366026526 155.195298575 138.459429219 42.3597742863 15.0522506724
152.249262476 66.8940559997 31.8992645354 89.0149050598 128.408317126 58.6046926125 180.498975632 108.231491715 133.300831827 105.177791219 96.1143327087 61.5961446386 53.6253529223 29.9279220656 57.5839404286 76.1109584422 97.7096849021 62.691228646 74.0826554922 0.0 107.367736546 78.0354533828 138.241529758 98.4567222181 70.6732576395 69.0179507974 84.3636808801 182.704813264 31.6996502464 65.0206695182 63.3536000194 18.8495541292 113.618196659 71.7283143324 82.960090598 84.7621734996 114.87040036 19.3299700744 173.715733389 156.903130928 150.996930485 110.602476321 89.2859933439 133.589438956 157.480743161 38.5323323781 100.531036369 104.833165386 80.4628094623 110.096000071 57.5738622453 90.2618839307 70.8241836063 87.7380533317 182.929537216 105.845693306 16.9755780347 46.3176947029 82.7686415185 167.260434604 51.7095238709 98.2673742316 89.5566973676 116.721219631 102.683224404 95.9617824477 94.0041842448 98.2149668612 47.601747103 30.0958163806 141.151445473 32.1103863597 109.086256563 158.895503858 147.288647379 74.7808988353 148.924227442 173.929196505 81.9494634225 155.132764499 8.26862116871 25.1641134733 81.9386464699 124.608417522 49.9068693028 35.6428160469 144.817126278 134.25643366 97.7845569157 118.719858571 58.6671901858 100.845386091 51.2232293428 154.803923536 66.6969380897 85.2225222854 110.717144233 165.812698792 85.8780071902 88.4609905459
48.3494183381 44.2132273012 97.682303865 93.2240916258 34.0088359648 60.1399292087 74.1847285891 48.9703393292 40.1568623618 60.8535829569 121.577329885 51.4705651889 64.5753202672 98.0070650462 64.9935826744 107.779146093 54.2288584263 148.166652204 129.698710245 107.367736546 0.0 83.66551991 64.2698098024 69.224889479 96.9209362148 140.064836115 23.4844440998 75.4035039227 138.27090883 81.4658320436 140.226973148 89.2790694125 121.76233156 136.224098952 29.581877199 40.978883323 62.3429333836 118.454113589 70.7434655654 111.250519051 48.2375816401 84.7987829312 31.5415678427 40.6154327627 110.735973199 141.134711718 138.088553059 123.76013841 144.646823747 130.943547824 52.7350040803 55.9579143625 44.4491681048 72.4931389263 167.147209232 80.7358661961 124.300456052 70.4041193931 36.0179087992 64.7132982691 108.444922504 118.794049192 112.390833515 63.1338270005 79.2524845804 121.203957735 42.4311491111 140.115521899 134.43651881 128.692525383 34.0288648422 132.912079221 149.966126267 55.1110300295 74.9924235919 33.370226903 41.9941208812 141.395150972 27.0885051507 158.809742624 106.805082371 105.743143871 183.075680945 18.3791797398 94.0376868493 78.9392479673 83.158115712 28.0598428396 42.9858573999 40.9072823932 112.051343002 110.023063004 59.2314240194 60.1233929395 59.3585577277 158.783376474 44.4057367067 96.6044430331 166.737494773 134.450569153
108.552255768 76.0382368698 47.5634365716 133.943308982 117.107123792 85.796243996 137.634377617 118.259651874 123.29064634 124.169151056 38.2726922116 43.7881172799 35.8294028242 94.525581845 89.8711179734 25.36605128 36.7604374227 79.8792568883 50.4370813882 78.0354533828 83.66551991 0.0 74.0235776701 27.1129349789 123.832933814 65.3009936718 66.0969041581 144.60078306 105.33073891 13.1405760441 68.6404436585 72.2954706174 44.3079829581 59.2153674395 81.6316900235 42.6914240495 47.6014749943 73.7613586622 124.943196671 79.592567565 105.906052101 142.334990953 52.1437308391 123.73563605 80.3027548492 90.5125274787 54.4233902772 42.0759096338 65.8267157254 49.3492868855 73.3196017059 30.6547786666 44.0628429059 120.25661614 108.636391945 29.4901128015 88.8530882098 83.1531306188 48.0854568966 118.844279199 117.174864396 153.844394458 28.8946447154 49.1693536536 134.220249341 37.9080861552 104.090564569 56.5561012779 71.4598061616 78.1055474896 107.229888699 109.897635837 66.3060566928 113.7411795 79.918924948 70.9527484474 112.686511886 96.1776330176 61.2791181825 87.0547496872 71.2614809332 96.2278890905 122.17726831 100.703298394 107.11472436 80.9104432702 73.0741565835 109.31630289 107.316246504 65.1264667529 123.984101038 150.859218022 73.3014473481 100.3657388 93.708847331 81.6929524155 116.69690444 94.1228691761 92.0883974228 51.6733804265
49.1467684673 95.7742903138 114.485877037 154.331761175 91.2712831599 112.501667795 72.7843045727 113.216893253 96.2637987812 125.04271638 100.099973647 78.350723522 84.6200469139 141.822817755 117.84801188 97.3062923291 41.1302124346 153.866713586 123.111424771 138.241529758 64.2698098024 74.0235776701 0.0 46.9350744664 153.862906142 139.028445471 70.0283287328 82.9561874729 169.36583345 82.0142327841 142.652801117 124.776761621 89.2918833193 132.522714952 87.4847596619 54.7107347638 26.42231184 140.955200952 56.7619529934 50.6071133681 45.7298232735 148.842032586 53.8467412704 96.6988081332 49.7277392708 160.919480708 117.662346081 97.2621414058 138.105646498 102.869431986 100.651330264 48.8277211507 69.6174327456 134.43341795 111.618283992 49.411028117 153.023860323 118.367266704 58.9560207628 51.8797987662 158.919956203 179.327302065 93.6970098858 24.8795139008 142.894145136 99.7540070382 105.820911651 121.630394291 144.62655176 147.922349544 60.1917578159 169.405919913 127.933848978 51.1567516473 10.9662696383 83.9386663071 60.6411228663 82.0459511062 68.3950264789 113.59281983 133.935496347 147.301452187 195.768946687 69.0912099397 145.22327425 122.921013018 20.5484163214 71.9638943103 106.870037749 24.6093963427 164.142922793 171.766131647 105.388046552 31.0016597694 115.507214266 154.35272619 108.479303572 32.8374135876 165.39517641 120.351072963
84.6144724361 76.7417087858 70.8369406341 138.083383618 103.149576669 90.4765791256 112.979214616 111.748815841 109.242769067 120.187180717 57.1569615279 47.651856713 47.2205006076 109.154290272 95.3836907124 50.8147195334 15.0783350927 106.991266416 76.5691157316 98.4567222181 69.224889479 27.1129349789 46.9350744664 0.0 131.68408579 92.1550019309 58.2966067512 120.8832748 128.002296811 36.3466526973 95.7196658603 88.6565446177 53.0237826842 85.782121649 76.7739029631 32.2119550543 20.5283519037 97.6162464995 99.3183370728 59.9369755578 81.7047823729 141.205979891 39.796914551 109.704977677 60.2762569512 116.060531563 74.8391089532 56.9423046773 91.7640626485 63.7390600738 77.3285195462 14.9480714202 42.5256049528 121.374714992 102.86704443 12.2556717631 111.405401634 91.6105820589 39.2110252364 93.4252563521 129.921499236 160.576375717 49.2847693281 22.0634101935 133.668372868 56.7843659414 99.3830990398 78.1135347529 98.2425446726 103.30281642 86.3186967905 130.529073525 86.119755673 89.2222526438 52.9591607583 67.9896550286 90.7049593531 83.1360881443 54.0303803919 89.9860714949 92.7823019275 112.676657402 149.172281565 83.8578861124 117.951219435 92.4861045138 47.2432598612 91.2770552942 101.956901051 40.971496016 136.203271735 155.66927619 79.5958752891 74.1728727831 96.7027573064 107.898797938 108.920662544 68.4622729826 118.691824667 75.3066547267
144.328897881 58.1620202819 93.0641061336 20.2738524652 97.7540155838 41.9173858025 166.287508692 65.497662241 99.8799466606 54.9592701322 154.467264977 84.0943064889 88.1713466392 40.7772254693 36.6892942722 133.879573059 122.74955744 133.360995263 140.236537844 70.6732576395 96.9209362148 123.832933814 153.862906142 131.68408579 0.0 138.489011417 83.904197146 163.593672211 83.8840920991 112.012444197 133.479033743 59.4750722017 167.221901636 140.019201521 68.0376485166 103.154377278 139.351453446 89.9843920623 166.446487076 190.10361352 144.68847596 47.0831132857 100.796807429 99.9381738958 190.155303518 106.126634692 163.594820785 161.715412821 149.223953094 168.2651699 54.7991765924 117.876170199 89.6859358971 32.0552262898 231.836533785 142.97323527 81.046645395 40.7582228385 97.046348638 160.785569192 24.8841762711 30.1945025986 145.957890965 140.978780153 41.3905132975 154.211200984 59.0318898362 162.440096411 118.228743601 100.330849059 127.023030547 70.0894239781 173.797386833 150.895632287 164.720893683 69.9263918076 134.850771072 214.796674789 85.5335103408 210.353347832 77.6568837554 47.2980078565 146.650511214 106.795062134 20.7854734911 44.1594140278 168.308844122 114.045977504 61.0107146395 129.468412268 22.4767110187 30.2788881758 52.098694037 156.780851792 38.4926215818 155.567039248 70.8105675877 186.359909658 156.547161321 153.097216616
172.456222502 114.648896971 48.559918764 155.357463817 170.390397502 115.091142225 201.849631707 161.012452242 176.308877298 162.200818333 49.9183808621 89.5153313327 76.2134801118 98.4063302574 116.532220796 42.2536746363 101.569345801 19.2386855813 17.7596077546 69.0179507974 140.064836115 65.3009936718 139.028445471 92.1550019309 138.489011417 0.0 118.017966372 207.964120425 76.7817195638 60.6945495066 7.81448887985 79.5824654508 70.7952992041 7.78472572694 127.061362044 101.916421538 112.673807183 50.9711357305 189.877065361 133.618791995 170.028561793 173.337406825 110.739456501 176.705348024 134.737613763 48.9611811326 42.5831005175 58.5843049024 12.195979442 59.8731004098 107.325218083 94.7204009802 95.6371940641 149.651764856 136.09011908 91.2574197802 65.9751002014 105.675585789 104.890823129 183.679047429 120.727144957 167.015606572 50.4127433221 114.15802315 165.003645334 50.0456516924 145.756410572 38.1607661808 24.4334095429 44.2586973327 168.611099099 89.2184022807 46.2258749763 178.016297919 144.089666878 116.067336101 174.909863568 138.404035433 113.607401865 102.453116781 61.2631501503 94.1641024877 61.6671306345 158.33006644 117.8108246 97.181404988 135.477353026 167.76460733 149.557293118 129.767335223 127.667263079 168.757195324 103.258105579 165.597296496 124.260005768 19.1079217971 161.529576052 155.657065048 27.1407662692 30.0115318242
